00000000000000000000000000000001
I                0            02
000 00 00 0000 0 0 0 00000000 03
000 0000000000 0 0 0 00000000 04
000 000     00 0 0 0 00    00 05
000 000 000 00 0 0 0 00 00 00 06
000 000 000 00 0   0 00 00 00 07
000 000 000 00000000    00 00 08
000      00      000000000 00 09
0   0000 00000 0000000     0  00
000 0000 00000 0000    000 00001
000 0000 00000    0000 000    E2
000      0     00      000000003
00000000000000000000000000000004
1234567890123456789012345678910
Найти кратчайший выход
проверить к-во входов/выходов, реально ли пройти к ним